<?xml version="1.0"?>
<opencv_storage>
<image_Width>512</image_Width>
<image_Height>512</image_Height>
<Camera_Matrix type_id="opencv-matrix">
  <rows>3</rows>
  <cols>3</cols>
  <dt>d</dt>
  <data>
    1.3073634346792553e+04 0. 256.0 0.
    1.3071096087185497e+04 256.0 0. 0. 1.</data></Camera_Matrix>
<Distortion_Coefficients type_id="opencv-matrix">
  <rows>1</rows>
  <cols>5</cols>
  <dt>d</dt>
  <data>
    2.5334246677173689e-01 9.3555320020333155e-01 1.8851838115133428e-03
    -1.8516220456295928e-03 -1.3309127980172022e+00</data></Distortion_Coefficients>
<cam_translation type_id="opencv-matrix">
  <rows>3</rows>
  <cols>1</cols>
  <dt>d</dt>
  <data>
    5.6195972208006265e+02 -1.5758447391158398e+02
    3.6955345039231639e+02</data></cam_translation>
<cam_rotation type_id="opencv-matrix">
  <rows>3</rows>
  <cols>3</cols>
  <dt>d</dt>
  <data>
    7.7556020212761234e-01 -3.9498062189665339e-02
    -6.3003672588114934e-01 1.7518091275469772e-01
    9.7230823502324548e-01 1.5468789193861349e-01 6.0648002496554498e-01
    -2.3034018144744633e-01 7.6100287787139764e-01</data></cam_rotation>
</opencv_storage>
