<?xml version="1.0"?>
<opencv_storage>
<image_Width>512</image_Width>
<image_Height>512</image_Height>
<Camera_Matrix type_id="opencv-matrix">
  <rows>3</rows>
  <cols>3</cols>
  <dt>d</dt>
  <data>
    1.3960810303292888e+04 0. 256.0 0.
    1.3936870050529969e+04 256.0 0. 0. 1.</data></Camera_Matrix>
<Distortion_Coefficients type_id="opencv-matrix">
  <rows>1</rows>
  <cols>5</cols>
  <dt>d</dt>
  <data>
    4.2329784615248195e-01 -7.5111750009510709e+00
    -2.1941907155199358e-03 1.6417058843836829e-03
    1.2681445546507462e+02</data></Distortion_Coefficients>
<cam_translation type_id="opencv-matrix">
  <rows>3</rows>
  <cols>1</cols>
  <dt>d</dt>
  <data>
    -3.0074390123735540e+01 4.5989480260041273e+02
    1.8644674124248863e+02</data></cam_translation>
<cam_rotation type_id="opencv-matrix">
  <rows>3</rows>
  <cols>3</cols>
  <dt>d</dt>
  <data>
    9.9965656378708434e-01 -1.1139348111773325e-02
    2.3720653469998926e-02 2.0608628643187431e-02 8.9328674270890529e-01
    -4.4901456516015281e-01 -1.6187615724566565e-02
    4.4934920743688722e-01 8.9320952238150431e-01</data></cam_rotation>
</opencv_storage>
