<?xml version="1.0"?>
<opencv_storage>
<image_Width>512</image_Width>
<image_Height>512</image_Height>
<Camera_Matrix type_id="opencv-matrix">
  <rows>3</rows>
  <cols>3</cols>
  <dt>d</dt>
  <data>
    1.4048261040714882e+04 0. 256.0 0.
    1.4049871888688402e+04 256.0 0. 0. 1.</data></Camera_Matrix>
<Distortion_Coefficients type_id="opencv-matrix">
  <rows>1</rows>
  <cols>5</cols>
  <dt>d</dt>
  <data>
    2.9796279209158805e-01 3.0921570949630381e+00
    -1.3641136102843609e-03 1.3268572008286602e-03
    -7.1477913138033486e+01</data></Distortion_Coefficients>
<cam_translation type_id="opencv-matrix">
  <rows>3</rows>
  <cols>1</cols>
  <dt>d</dt>
  <data>
    1.0978472957158333e+02 6.1636774033860081e+02 3.4908751529269449e+02</data></cam_translation>
<cam_rotation type_id="opencv-matrix">
  <rows>3</rows>
  <cols>3</cols>
  <dt>d</dt>
  <data>
    9.9718009043957845e-01 6.5457994427148419e-03
    -7.4759746793109511e-02 -5.4460308495951223e-02
    7.4851429888472909e-01 -6.6087852073102527e-01
    5.1632761202940886e-02 6.6308634194557059e-01 7.4676004251419470e-01</data></cam_rotation>
</opencv_storage>
